Rack 1:
Column 1:  Prob: [2.2607421875, 2.5927734375, 17.96630859375, 1.4599609375, 2.65869140625, 8.037109375, 4.6044921875, 6.82373046875]; Index: [0, 2, 3, 7, 1, 4, 5, 6], S1: 24.27978515625, S2: 22.1240234375, Diff: 2.15576171875
Column 2:  Prob: [9.3896484375, 2.32421875, 11.26708984375, 5.94970703125, 2.40234375, 11.34521484375, 4.22607421875, 9.5654296875]; Index: [0, 1, 4, 7, 2, 3, 5, 6], S1: 28.9306640625, S2: 27.5390625, Diff: 1.3916015625
Column 3:  Prob: [1.89453125, 3.76708984375, 2.646484375, 13.70361328125, 0.6689453125, 2.45849609375, 13.78662109375, 5.0439453125]; Index: [0, 3, 6, 7, 1, 2, 4, 5], S1: 22.01171875, S2: 21.9580078125, Diff: 0.0537109375
Column 4:  Prob: [1.22802734375, 6.7431640625, 1.62353515625, 1.8896484375, 4.64599609375, 1.7529296875, 2.34619140625, 2.71484375]; Index: [0, 4, 6, 7, 1, 2, 3, 5], S1: 11.484375, S2: 11.4599609375, Diff: 0.0244140625
Column 5:  Prob: [3.13232421875, 3.71826171875, 1.7236328125, 4.43115234375, 3.896484375, 0.9619140625, 1.58935546875, 6.42822265625]; Index: [0, 2, 3, 5, 1, 4, 6, 7], S1: 13.00537109375, S2: 12.8759765625, Diff: 0.12939453125
Column 6:  Prob: [19.27490234375, 2.3974609375, 5.32470703125, 1.97265625, 3.49609375, 8.76708984375, 10.6298828125, 5.732421875]; Index: [0, 1, 4, 7, 2, 3, 5, 6], S1: 28.9697265625, S2: 28.62548828125, Diff: 0.34423828125
Column 7:  Prob: [1.56005859375, 0.3759765625, 3.603515625, 10.15380859375, 4.28955078125, 6.52587890625, 2.021484375, 2.23388671875]; Index: [0, 5, 6, 7, 1, 2, 3, 4], S1: 15.693359375, S2: 15.07080078125, Diff: 0.62255859375
Column 8:  Prob: [1.71630859375, 1.95556640625, 3.6572265625, 1.6845703125, 1.0693359375, 1.30859375, 17.07763671875, 1.1572265625]; Index: [0, 3, 4, 6, 1, 2, 5, 7], S1: 9.013671875, S2: 20.61279296875, Diff: 11.59912109375

Rack 2:
Column 1:  Prob: [6.826171875, 1.2548828125, 1.416015625, 1.4111328125, 1.90673828125, 2.62451171875, 1.43798828125, 4.36767578125]; Index: [0, 1, 4, 6, 2, 3, 5, 7], S1: 10.908203125, S2: 10.3369140625, Diff: 0.5712890625
Column 2:  Prob: [4.73388671875, 1.9799804687499998, 2.66357421875, 7.59033203125, 1.48193359375, 0.67138671875, 0.82763671875, 13.71337890625]; Index: [0, 2, 5, 7, 1, 3, 4, 6], S1: 16.9677734375, S2: 16.6943359375, Diff: 0.2734375
Column 3:  Prob: [1.9384765625, 6.31103515625, 1.0693359375, 3.19580078125, 2.802734375, 2.77587890625, 3.89404296875, 2.6513671875]; Index: [0, 4, 6, 7, 1, 2, 3, 5], S1: 12.5146484375, S2: 12.1240234375, Diff: 0.390625
Column 4:  Prob: [4.27978515625, 2.39990234375, 4.21142578125, 2.55615234375, 2.12158203125, 12.939453125, 1.923828125, 1.90185546875]; Index: [0, 4, 5, 7, 1, 2, 3, 6], S1: 13.447265625, S2: 18.88671875, Diff: 5.439453125
Column 5:  Prob: [2.15576171875, 1.02783203125, 3.2958984375, 3.93310546875, 5.79345703125, 1.9824218749999998, 0.966796875, 1.60888671875]; Index: [0, 1, 5, 7, 2, 3, 4, 6], S1: 10.41259765625, S2: 10.3515625, Diff: 0.06103515625
Column 6:  Prob: [1.54541015625, 2.8662109375, 2.6220703125, 2.4267578125, 2.04345703125, 0.869140625, 3.8037109375, 2.6416015625]; Index: [0, 2, 5, 6, 1, 3, 4, 7], S1: 9.46044921875, S2: 9.35791015625, Diff: 0.1025390625
Column 7:  Prob: [5.28564453125, 4.0283203125, 1.7578125, 2.2802734375, 0.9326171875, 0.8251953125, 1.3232421875, 12.67578125]; Index: [0, 2, 4, 5, 1, 3, 6, 7], S1: 13.35205078125, S2: 15.7568359375, Diff: 2.40478515625
Column 8:  Prob: [2.36328125, 2.4560546875, 4.87548828125, 4.16748046875, 4.68505859375, 5.419921875, 1.76025390625, 2.24609375]; Index: [0, 1, 4, 6, 2, 3, 5, 7], S1: 13.8623046875, S2: 14.111328125, Diff: 0.2490234375

Rack 3:
Column 1:  Prob: [1.7333984375, 6.22802734375, 5.31494140625, 0.46142578125, 1.7529296875, 2.5830078125, 6.54052734375, 2.87841796875]; Index: [0, 1, 3, 4, 2, 5, 6, 7], S1: 13.73779296875, S2: 13.7548828125, Diff: 0.01708984375
Column 2:  Prob: [4.19189453125, 7.54638671875, 2.1044921875, 2.13134765625, 4.19189453125, 3.67431640625, 7.26318359375, 1.7333984375]; Index: [0, 1, 2, 3, 4, 5, 6, 7], S1: 15.97412109375, S2: 16.86279296875, Diff: 0.888671875
Column 3:  Prob: [6.142578125, 1.06201171875, 3.70849609375, 3.55224609375, 10.04150390625, 1.80908203125, 1.611328125, 0.87890625]; Index: [0, 2, 3, 4, 1, 5, 6, 7], S1: 14.46533203125, S2: 14.3408203125, Diff: 0.12451171875
Column 4:  Prob: [2.0068359375, 1.83837890625, 9.1845703125, 1.2158203125, 5.58837890625, 3.095703125, 3.3544921875, 2.2509765625]; Index: [0, 1, 2, 7, 3, 4, 5, 6], S1: 14.24560546875, S2: 14.28955078125, Diff: 0.0439453125
Column 5:  Prob: [1.72607421875, 2.99560546875, 2.33642578125, 2.607421875, 1.47705078125, 2.119140625, 0.30517578125, 5.68115234375]; Index: [0, 1, 4, 5, 2, 3, 6, 7], S1: 9.66552734375, S2: 9.58251953125, Diff: 0.0830078125
Column 6:  Prob: [3.14453125, 5.58349609375, 2.59033203125, 4.677734375, 3.9599609374999996, 0.8984375, 9.697265625, 1.31103515625]; Index: [0, 4, 5, 6, 1, 2, 3, 7], S1: 15.99609375, S2: 15.86669921875, Diff: 0.12939453125
Column 7:  Prob: [1.02783203125, 1.38916015625, 9.57275390625, 1.66015625, 2.48046875, 3.720703125, 3.91845703125, 3.51806640625]; Index: [0, 4, 5, 7, 1, 2, 3, 6], S1: 13.64990234375, S2: 13.6376953125, Diff: 0.01220703125
Column 8:  Prob: [1.7626953125, 1.41845703125, 7.36083984375, 2.0068359375, 2.16796875, 4.63623046875, 2.72705078125, 2.734375]; Index: [0, 2, 3, 5, 1, 4, 6, 7], S1: 12.548828125, S2: 12.265625, Diff: 0.283203125

Rack 4:
Column 1:  Prob: [0.3564453125, 7.53662109375, 3.06884765625, 4.57763671875, 8.1884765625, 3.56689453125, 1.79931640625, 1.9653320312500002]; Index: [0, 2, 5, 6, 1, 3, 4, 7], S1: 15.53955078125, S2: 15.52001953125, Diff: 0.01953125
Column 2:  Prob: [1.20849609375, 13.82080078125, 1.18408203125, 1.89453125, 0.9423828125, 2.73193359375, 6.8701171875, 7.69775390625]; Index: [0, 1, 5, 6, 2, 3, 4, 7], S1: 18.10791015625, S2: 18.2421875, Diff: 0.13427734375
Column 3:  Prob: [5.00244140625, 2.86376953125, 2.35595703125, 5.4833984375, 2.1337890625, 14.04296875, 1.923828125, 2.10693359375]; Index: [0, 1, 6, 7, 2, 3, 4, 5], S1: 15.70556640625, S2: 20.20751953125, Diff: 4.501953125
Column 4:  Prob: [7.00927734375, 0.517578125, 3.31787109375, 4.41650390625, 1.50146484375, 1.63330078125, 1.51123046875, 11.0791015625]; Index: [0, 2, 3, 7, 1, 4, 5, 6], S1: 15.26123046875, S2: 15.72509765625, Diff: 0.4638671875
Column 5:  Prob: [0.69580078125, 1.46484375, 1.2158203125, 8.896484375, 5.9423828125, 4.4775390625, 0.42236328125, 1.45751953125]; Index: [0, 1, 5, 7, 2, 3, 4, 6], S1: 12.27294921875, S2: 12.2998046875, Diff: 0.02685546875
Column 6:  Prob: [1.63818359375, 3.80859375, 16.28173828125, 1.4697265625, 1.15478515625, 5.7861328125, 11.845703125, 5.0439453125]; Index: [0, 5, 6, 7, 1, 2, 3, 4], S1: 23.1982421875, S2: 23.83056640625, Diff: 0.63232421875
Column 7:  Prob: [3.46923828125, 5.859375, 3.0615234375, 3.37158203125, 2.3876953125, 4.96337890625, 5.32470703125, 3.0859375]; Index: [0, 4, 5, 7, 1, 2, 3, 6], S1: 15.76171875, S2: 15.76171875, Diff: 0.0
Column 8:  Prob: [1.48193359375, 1.923828125, 2.98583984375, 3.3203125, 1.9848632812500002, 5.5224609375, 0.8544921875, 1.40869140625]; Index: [0, 3, 6, 7, 1, 2, 4, 5], S1: 9.7119140625, S2: 9.7705078125, Diff: 0.05859375

